1 1
   14 1.00  0.1 0.05 1.0 0.45 5.0 0.50
      1.93 1.56 2.15 2.97 3.04 3.92 4.61 4.75 4.4 3.05 2.13 1.22
2 1
   14 1.00  0.1 0.05 1.0 0.45 5.0 0.50
      1.93 1.56 2.15 2.97 3.04 3.92 4.61 4.75 4.4 3.05 2.13 1.22
3 1
   14 1.00  0.1 0.05 1.0 0.45 5.0 0.50
      1.93 1.56 2.15 2.97 3.04 3.92 4.61 4.75 4.4 3.05 2.13 1.22
4 1
   14 1.00  0.1 0.05 1.0 0.45 5.0 0.50
      1.93 1.56 2.15 2.97 3.04 3.92 4.61 4.75 4.4 3.05 2.13 1.22
5 1
   14 1.00  0.1 0.05 1.0 0.45 5.0 0.50
      1.93 1.56 2.15 2.97 3.04 3.92 4.61 4.75 4.4 3.05 2.13 1.22
6 1
    8 1.00  0.1 0.1 1.0 0.65 0.5 0.25
      1.17 1.47 1.3 2.51 2.5 3.08 3.73 3.83 3.14 2.25 1.91 0.63
7 1
   14 1.00  0.1 0.05 1.0 0.45 5.0 0.50
      1.93 1.56 2.15 2.97 3.04 3.92 4.61 4.75 4.4 3.05 2.13 1.22
8 1
   14 1.00  0.1 0.05 1.0 0.45 5.0 0.50
      1.93 1.56 2.15 2.97 3.04 3.92 4.61 4.75 4.4 3.05 2.13 1.22
9 1
   14 1.00  0.1 0.05 1.0 0.45 5.0 0.50
      1.93 1.56 2.15 2.97 3.04 3.92 4.61 4.75 4.4 3.05 2.13 1.22
10 1
   14 1.00  0.1 0.05 1.0 0.45 5.0 0.50
      1.93 1.56 2.15 2.97 3.04 3.92 4.61 4.75 4.4 3.05 2.13 1.22
11 1
   14 1.00  0.1 0.05 1.0 0.45 5.0 0.50
      1.93 1.56 2.15 2.97 3.04 3.92 4.61 4.75 4.4 3.05 2.13 1.22
12 1
   14 1.00  0.1 0.05 1.0 0.45 5.0 0.50
      1.93 1.56 2.15 2.97 3.04 3.92 4.61 4.75 4.4 3.05 2.13 1.22
13 1
   14 1.00  0.1 0.05 1.0 0.45 5.0 0.50
      1.93 1.56 2.15 2.97 3.04 3.92 4.61 4.75 4.4 3.05 2.13 1.22
14 1
   14 1.00  0.1 0.05 1.0 0.45 5.0 0.50
      1.93 1.56 2.15 2.97 3.04 3.92 4.61 4.75 4.4 3.05 2.13 1.22
15 1
   14 1.00  0.1 0.05 1.0 0.45 5.0 0.50
      1.93 1.56 2.15 2.97 3.04 3.92 4.61 4.75 4.4 3.05 2.13 1.22
16 1
   14 1.00  0.1 0.05 1.0 0.45 5.0 0.50
      1.93 1.56 2.15 2.97 3.04 3.92 4.61 4.75 4.4 3.05 2.13 1.22
17 1
   14 1.00  0.1 0.05 1.0 0.45 5.0 0.50
      1.93 1.56 2.15 2.97 3.04 3.92 4.61 4.75 4.4 3.05 2.13 1.22
18 1
   14 1.00  0.1 0.05 1.0 0.45 5.0 0.50
      1.93 1.56 2.15 2.97 3.04 3.92 4.61 4.75 4.4 3.05 2.13 1.22
19 1
   14 1.00  0.1 0.05 1.0 0.45 5.0 0.50
      1.93 1.56 2.15 2.97 3.04 3.92 4.61 4.75 4.4 3.05 2.13 1.22
20 1
   14 1.00  0.1 0.05 1.0 0.45 5.0 0.50
      1.93 1.56 2.15 2.97 3.04 3.92 4.61 4.75 4.4 3.05 2.13 1.22
21 1
    8 1.00  0.1 0.1 1.0 0.65 0.5 0.25
      1.17 1.47 1.3 2.51 2.5 3.08 3.73 3.83 3.14 2.25 1.91 0.63
22 1
   14 1.00  0.1 0.05 1.0 0.45 5.0 0.50
      1.93 1.56 2.15 2.97 3.04 3.92 4.61 4.75 4.4 3.05 2.13 1.22
23 1
   14 1.00  0.1 0.05 1.0 0.45 5.0 0.50
      1.93 1.56 2.15 2.97 3.04 3.92 4.61 4.75 4.4 3.05 2.13 1.22
